1.000000000 0.000000000 0.000000000 0.000000000 0.000000000 1.000000000 0.000000000 0.000000000 0.000000000 0.000000000 1.000000000 0.000000000
0.999997914 -0.001655844 -0.001211267 -0.008207154 0.001654890 0.999998271 -0.000787631 -0.012349817 0.001212570 0.000785625 0.999998868 0.553468227
0.999994755 -0.002253828 -0.002313610 -0.013150543 0.002248441 0.999994755 -0.002328332 -0.023701420 0.002318845 0.002323118 0.999994636 1.116505623
0.999991059 -0.002140645 -0.003653625 -0.032011889 0.002126548 0.999990284 -0.003857882 -0.033966292 0.003661848 0.003850077 0.999985933 1.666429758
0.999970257 -0.004486067 -0.006264295 -0.022278082 0.004450579 0.999973953 -0.005667596 -0.044864759 0.006289558 0.005639548 0.999964297 2.235924721
0.999940157 -0.006910945 -0.008475345 -0.011662149 0.006846662 0.999947786 -0.007590384 -0.055601623 0.008527358 0.007531901 0.999935269 2.805403948
0.999920428 -0.008317067 -0.009483834 -0.028023917 0.008240174 0.999933064 -0.008118344 -0.070647545 0.009550720 0.008039551 0.999922097 3.371921539
0.999911964 -0.008167379 -0.010456444 -0.040093388 0.008086904 0.999937475 -0.007715403 -0.080764055 0.010518804 0.007630164 0.999915659 3.951250076
0.999888480 -0.008967198 -0.011939915 -0.046689913 0.008873748 0.999929726 -0.007856932 -0.101634271 0.012009531 0.007750104 0.999897838 4.539630890
0.999882281 -0.008224422 -0.012953250 -0.059252355 0.008090803 0.999913812 -0.010334462 -0.122776397 0.013037129 0.010228442 0.999862671 5.128282547
0.999876440 -0.006268198 -0.014416073 -0.072847426 0.006060056 0.999877334 -0.014436836 -0.133782372 0.014504798 0.014347689 0.999791861 5.732600212
0.999859631 -0.004801129 -0.016054766 -0.079194270 0.004506875 0.999822021 -0.018314444 -0.145678774 0.016139841 0.018239517 0.999703348 6.344244480
0.999852121 -0.003148929 -0.016905891 -0.103120573 0.002844420 0.999833822 -0.018005949 -0.163462654 0.016959781 0.017955199 0.999694943 6.964480877
0.999831676 -0.000981112 -0.018318964 -0.109639779 0.000783123 0.999941230 -0.010811922 -0.179404557 0.018328493 0.010795757 0.999773741 7.599553585
0.999824524 0.000243689 -0.018729730 -0.142579734 -0.000255985 0.999999762 -0.000654102 -0.188406318 0.018729566 0.000658781 0.999824345 8.269491196
0.999828398 0.001691436 -0.018445268 -0.182007760 -0.001598816 0.999985933 0.005034958 -0.185597971 0.018453525 -0.005004604 0.999817193 8.936964989
0.999778211 0.003106744 -0.020828685 -0.178719476 -0.002998204 0.999981761 0.005240230 -0.219260961 0.020844584 -0.005176620 0.999769330 9.623417854
0.999748349 0.005340170 -0.021791335 -0.191347227 -0.005377912 0.999984086 -0.001673807 -0.233556613 0.021782054 0.001790578 0.999761105 10.313682556
0.999729455 0.004713481 -0.022776728 -0.214351907 -0.004898407 0.999955416 -0.008070080 -0.226888493 0.022737674 0.008179466 0.999707997 11.027412415
0.999713480 0.003088964 -0.023733089 -0.241606891 -0.003249451 0.999972105 -0.006726577 -0.229100034 0.023711646 0.006801770 0.999695718 11.758420944
0.999713361 0.002129123 -0.023845874 -0.266120344 -0.002066635 0.999994338 0.002644862 -0.237759501 0.023851369 -0.002594825 0.999712169 12.513756752
0.999703705 0.001984156 -0.024256816 -0.285034180 -0.001739589 0.999947429 0.010099355 -0.243915573 0.024275580 -0.010054168 0.999654770 13.294170380
0.999695420 0.000769975 -0.024665236 -0.314626932 -0.000461965 0.999921799 0.012490900 -0.244203970 0.024672925 -0.012475703 0.999617755 14.083810806
0.999704897 -0.000762611 -0.024281438 -0.344779521 0.001043826 0.999932528 0.011570903 -0.246707395 0.024270974 -0.011592834 0.999638259 14.888602257
0.999692738 -0.001347261 -0.024749372 -0.354360402 0.001571914 0.999957740 0.009059886 -0.246497348 0.024736119 -0.009096007 0.999652624 15.713670731
0.999709368 0.001073503 -0.024084765 -0.377806187 -0.000934090 0.999982774 0.005798913 -0.248739585 0.024090575 -0.005774731 0.999693096 16.546754837
0.999734581 -0.001857478 -0.022964336 -0.401780456 0.001855544 0.999998271 -0.000105535 -0.249962464 0.022964491 0.000062895 0.999736249 17.391815186
0.999741554 -0.004968459 -0.022184635 -0.416655451 0.004825468 0.999967277 -0.006494401 -0.259974778 0.022216175 0.006385670 0.999732792 18.272991180
0.999762714 -0.003702063 -0.021464963 -0.435463935 0.003456434 0.999928236 -0.011469060 -0.278600812 0.021505879 0.011392146 0.999703825 19.154647827
0.999769926 -0.002414975 -0.021317068 -0.457588166 0.002152878 0.999921858 -0.012309540 -0.294894665 0.021345133 0.012260814 0.999697030 20.055892944
0.999762893 -0.002224772 -0.021658411 -0.482581556 0.001973866 0.999930799 -0.011599185 -0.315865874 0.021682715 0.011553686 0.999698162 20.976858139
0.999759674 -0.000596125 -0.021912988 -0.503856242 0.000300790 0.999909103 -0.013478449 -0.331299514 0.021919029 0.013468617 0.999669075 21.913675308
0.999763608 0.002229718 -0.021627497 -0.540904045 -0.002554507 0.999884188 -0.015001472 -0.360760540 0.021591542 0.015053175 0.999653518 22.872497559
0.999762058 0.006080933 -0.020951679 -0.586115301 -0.006400065 0.999863923 -0.015198544 -0.392293692 0.020856405 0.015329018 0.999664962 23.839801788
0.999736607 0.007611763 -0.021648090 -0.602845788 -0.007956004 0.999842525 -0.015860274 -0.411389560 0.021523954 0.016028332 0.999639869 24.811658859
0.999720693 0.008601071 -0.022011939 -0.626265407 -0.008953241 0.999832690 -0.015950782 -0.439740121 0.021871064 0.016143406 0.999630451 25.795799255
0.999720335 0.008684617 -0.021995874 -0.651264489 -0.009031956 0.999835253 -0.015741203 -0.468781233 0.021855546 0.015935466 0.999634147 26.788333893
0.999702990 0.009698668 -0.022356823 -0.684852242 -0.010030293 0.999840617 -0.014769204 -0.495308310 0.022210017 0.014989063 0.999640942 27.779731750
0.999702156 0.010645851 -0.021961953 -0.720174372 -0.010921710 0.999862492 -0.012479217 -0.527620018 0.021826079 0.012715361 0.999680936 28.785194397
0.999676943 0.011107537 -0.022862302 -0.742737949 -0.011371019 0.999870062 -0.011427186 -0.555315971 0.022732399 0.011683464 0.999673307 29.804267883
0.999678135 0.010322383 -0.023175541 -0.768267512 -0.010626581 0.999858499 -0.013041279 -0.574773908 0.023037646 0.013283359 0.999646366 30.823474884
0.999651730 0.012612252 -0.023180917 -0.804940999 -0.012926512 0.999825835 -0.013457213 -0.608127952 0.023007154 0.013752175 0.999640703 31.850463867
0.999655843 0.012177512 -0.023235664 -0.840053260 -0.012466285 0.999846339 -0.012323932 -0.637050033 0.023082018 0.012609351 0.999654055 32.881870270
0.999638081 0.011780702 -0.024190813 -0.860238492 -0.012033849 0.999874055 -0.010345805 -0.651425123 0.024065888 0.010633169 0.999653757 33.937919617
0.999614716 0.011760228 -0.025141630 -0.885357678 -0.011930509 0.999906778 -0.006633607 -0.676845789 0.025061274 0.006931003 0.999661863 34.993293762
0.999618828 0.011913031 -0.024902435 -0.925223053 -0.012007464 0.999921262 -0.003645955 -0.707021117 0.024857037 0.003943582 0.999683261 36.060047150
0.999607801 0.012245311 -0.025182331 -0.960791826 -0.012341194 0.999917090 -0.003655524 -0.723621011 0.025135480 0.003964871 0.999676168 37.129356384
0.999590814 0.011304493 -0.026276728 -0.985530496 -0.011441159 0.999921679 -0.005056481 -0.748706698 0.026217511 0.005355048 0.999641836 38.206420898
0.999571323 0.011667063 -0.026852675 -1.018561363 -0.011817910 0.999915183 -0.005465746 -0.768221796 0.026786627 0.005780745 0.999624372 39.284854889
0.999543726 0.011507635 -0.027923813 -1.047825217 -0.011634360 0.999922872 -0.004380017 -0.786735952 0.027871259 0.004702896 0.999600470 40.373844147
0.999509871 0.011391053 -0.029158004 -1.079200864 -0.011458410 0.999932051 -0.002144017 -0.811934710 0.029131602 0.002477071 0.999572515 41.455341339
0.999520600 0.011059823 -0.028914981 -1.126107693 -0.011046145 0.999938786 0.000632707 -0.837114334 0.028920211 -0.000313005 0.999581695 42.535240173
0.999492764 0.012808505 -0.029158201 -1.167979360 -0.012808911 0.999917865 0.000172871 -0.853789926 0.029158028 0.000200702 0.999574780 43.613056183
0.999471724 0.014169967 -0.029250897 -1.211947560 -0.014292962 0.999889791 -0.004000033 -0.871382535 0.029190997 0.004416002 0.999564111 44.686511993
0.999456763 0.015002373 -0.029341806 -1.248613238 -0.015226654 0.999856353 -0.007435282 -0.903321981 0.029226046 0.007878020 0.999541700 45.778434753
0.999459207 0.015211262 -0.029150220 -1.286052585 -0.015426296 0.999855340 -0.007166072 -0.935809433 0.029036997 0.007611878 0.999549270 46.863166809
0.999461174 0.015668353 -0.028840046 -1.320366263 -0.015783064 0.999868393 -0.003754204 -0.969287097 0.028777428 0.004207367 0.999576926 47.942710876
0.999463320 0.016568646 -0.028263811 -1.364076257 -0.016653370 0.999857426 -0.002764720 -0.979047775 0.028213978 0.003233923 0.999596596 49.036037445
0.999483168 0.015742904 -0.028029896 -1.404033422 -0.015816158 0.999871969 -0.002393618 -0.988821507 0.027988629 0.002835706 0.999604166 50.131408691
0.999477506 0.015151109 -0.028550427 -1.421103597 -0.015223806 0.999881327 -0.002330590 -1.025992751 0.028511725 0.002764018 0.999589622 51.220748901
0.999480247 0.013901317 -0.029085474 -1.439052582 -0.013990113 0.999898076 -0.002851588 -1.062322021 0.029042868 0.003257015 0.999572814 52.313304901
0.999507606 0.013984421 -0.028089354 -1.484253049 -0.014167473 0.999879539 -0.006328373 -1.070470572 0.027997473 0.006723212 0.999585390 53.384220123
0.999527812 0.013133150 -0.027781516 -1.516405821 -0.013382844 0.999871492 -0.008821056 -1.098087192 0.027662095 0.009188684 0.999575078 54.460166931
0.999568105 0.012086078 -0.026786584 -1.558381677 -0.012422652 0.999845445 -0.012434407 -1.124283314 0.026632162 0.012761800 0.999563754 55.542625427
0.999622583 0.010524148 -0.025372343 -1.608248830 -0.010876012 0.999845982 -0.013770129 -1.159436464 0.025223516 0.014040883 0.999583185 56.637962341
0.999623597 0.008504419 -0.026083753 -1.613955140 -0.008820211 0.999888837 -0.012015756 -1.181620955 0.025978664 0.012241296 0.999587536 57.724475861
0.999615192 0.006712056 -0.026914969 -1.622111440 -0.006888653 0.999955237 -0.006473897 -1.202779770 0.026870316 0.006656813 0.999616683 58.801704407
0.999622762 0.005029494 -0.027001163 -1.647765636 -0.005067487 0.999986231 -0.001338819 -1.214199305 0.026994059 0.001475141 0.999634445 59.903846741
0.999674082 0.003863637 -0.025232134 -1.695141673 -0.003863716 0.999992549 0.000045599 -1.246227980 0.025232121 0.000051906 0.999681532 60.996601105
0.999696672 0.000784449 -0.024615604 -1.731323123 -0.000847433 0.999996305 -0.002548381 -1.273660898 0.024613516 0.002568469 0.999693751 62.094215393
0.999693274 -0.000852648 -0.024752261 -1.758732915 0.000719145 0.999985099 -0.005401968 -1.301181912 0.024756500 0.005382510 0.999679029 63.182689667
0.999680519 0.000700356 -0.025266761 -1.779524565 -0.000952504 0.999949813 -0.009968779 -1.316616774 0.025258515 0.009989661 0.999631047 64.269386292
0.999687135 0.001274784 -0.024982920 -1.813564181 -0.001641567 0.999891043 -0.014666362 -1.341582894 0.024961501 0.014702782 0.999580324 65.355316162
0.999694705 0.004162553 -0.024355348 -1.848380327 -0.004527111 0.999878228 -0.014932364 -1.377805233 0.024290223 0.015038065 0.999591827 66.450881958
0.999689043 0.008408333 -0.023477023 -1.882739902 -0.008673162 0.999899626 -0.011201452 -1.412534952 0.023380479 0.011401588 0.999661624 67.557090759
0.999683321 0.010071526 -0.023057494 -1.923534989 -0.010287778 0.999904037 -0.009279441 -1.441351652 0.022961821 0.009513714 0.999691069 68.659019470
0.999683261 0.009511796 -0.023299282 -1.946733475 -0.009710622 0.999917269 -0.008435289 -1.470719099 0.023217123 0.008658869 0.999692917 69.755683899
0.999703228 0.008229594 -0.022930047 -1.983547449 -0.008406702 0.999935508 -0.007638194 -1.497296333 0.022865711 0.007828693 0.999707818 70.841804504
0.999707103 0.007280743 -0.023080690 -2.011210918 -0.007425904 0.999953210 -0.006209834 -1.526506662 0.023034398 0.006379410 0.999714255 71.941917419
0.999712944 0.005414273 -0.023338579 -2.039299011 -0.005516346 0.999975502 -0.004311439 -1.548778653 0.023314664 0.004438946 0.999718308 73.030319214
0.999716699 0.004586276 -0.023356041 -2.074712515 -0.004668481 0.999983072 -0.003466367 -1.561956048 0.023339747 0.003574423 0.999721169 74.119407654
0.999690115 0.004249399 -0.024528788 -2.099679947 -0.004343441 0.999983430 -0.003781989 -1.602505684 0.024512308 0.003887356 0.999691904 75.209060669
0.999678433 0.004548567 -0.024952628 -2.130753040 -0.004741581 0.999959230 -0.007681505 -1.628349543 0.024916671 0.007797347 0.999659121 76.291122437
0.999657691 0.004910026 -0.025701629 -2.158173084 -0.005155436 0.999941647 -0.009490889 -1.659172773 0.025653528 0.009620141 0.999624610 77.368911743
0.999634564 0.006765335 -0.026172454 -2.196936607 -0.006986438 0.999940574 -0.008365759 -1.679119825 0.026114300 0.008545551 0.999622405 78.459121704
0.999602914 0.007806328 -0.027076131 -2.223162651 -0.007913905 0.999961138 -0.003868228 -1.707193971 0.027044883 0.004080970 0.999625862 79.544120789
0.999583840 0.009171546 -0.027349502 -2.259987116 -0.009173108 0.999957860 0.000068318 -1.730283499 0.027348978 0.000182590 0.999625862 80.611526489
0.999539137 0.010647861 -0.028427957 -2.287888527 -0.010631302 0.999943197 0.000733621 -1.750521302 0.028434152 -0.000431057 0.999595523 81.691856384
0.999529064 0.010340870 -0.028892027 -2.321990967 -0.010389195 0.999944866 -0.001522998 -1.770236969 0.028874680 0.001822445 0.999581337 82.761825562
0.999517500 0.009975294 -0.029414853 -2.362924337 -0.010042182 0.999947309 -0.002127091 -1.793894291 0.029392084 0.002421454 0.999565005 83.802841187
0.999509931 0.009319484 -0.029884176 -2.401012659 -0.009397239 0.999952793 -0.002462436 -1.814806342 0.029859820 0.002742058 0.999550283 84.846374512
0.999503195 0.008249801 -0.030419279 -2.438283682 -0.008317868 0.999963164 -0.002111780 -1.842018247 0.030400734 0.002363755 0.999535024 85.862472534
0.999500871 0.007300389 -0.030735672 -2.478850126 -0.007335752 0.999972582 -0.001037974 -1.859939098 0.030727249 0.001262925 0.999527037 86.921211243
0.999485791 0.007283551 -0.031227112 -2.513269901 -0.007219930 0.999971569 0.002149646 -1.888006330 0.031241886 -0.001923083 0.999509990 87.909889221
0.999471605 0.006621131 -0.031821094 -2.554468393 -0.006535633 0.999974787 0.002790125 -1.906908035 0.031838764 -0.002580680 0.999489665 88.887001038
0.999397993 0.005281969 -0.034286752 -2.584950447 -0.005176150 0.999981523 0.003174329 -1.928673148 0.034302890 -0.002994945 0.999406993 89.840049744
0.999274731 0.004310132 -0.037833344 -2.615833759 -0.004213965 0.999987662 0.002621262 -1.953344226 0.037844181 -0.002459932 0.999280632 90.778915405
0.999109566 0.004022813 -0.041999191 -2.638476372 -0.003935375 0.999989986 0.002164373 -1.977661371 0.042007476 -0.001997163 0.999115348 91.693725586
0.999001980 0.004435956 -0.044444542 -2.698883057 -0.004359127 0.999988854 0.001825401 -1.990239978 0.044452142 -0.001629839 0.999010205 92.592124939
0.998847067 0.005713042 -0.047664259 -2.746771574 -0.005572337 0.999979734 0.003084389 -2.011187553 0.047680918 -0.002815232 0.998858631 93.466979980
0.998692334 0.006841013 -0.050663415 -2.797471285 -0.006647578 0.999969959 0.003985561 -2.028508425 0.050689153 -0.003643560 0.998707831 94.314346313
0.998535693 0.007685333 -0.053548127 -2.851658106 -0.007391456 0.999956548 0.005683978 -2.045449018 0.053589489 -0.005279857 0.998549104 95.141403198
0.998377860 0.009144096 -0.056194987 -2.902320623 -0.008789768 0.999939919 0.006549251 -2.061190844 0.056251496 -0.006044685 0.998398304 95.927001953
0.998226523 0.011513645 -0.058404773 -2.955457449 -0.011133866 0.999914765 0.006823806 -2.076017618 0.058478363 -0.006161433 0.998269677 96.689575195
0.998028815 0.013367289 -0.061315905 -3.009142876 -0.013027559 0.999897540 0.005937086 -2.095500469 0.061388981 -0.005126587 0.998100758 97.415863037
0.997838736 0.014596675 -0.064068295 -3.060639620 -0.014478072 0.999892533 0.002315112 -2.113391161 0.064095199 -0.001382524 0.997942865 98.115447998
0.997633576 0.017193297 -0.066570595 -3.116130590 -0.017323358 0.999848902 -0.001376946 -2.129704475 0.066536859 0.002526914 0.997780681 98.788269043
0.997480869 0.019182358 -0.068293244 -3.171549559 -0.019508308 0.999801159 -0.004108976 -2.142819881 0.068200856 0.005430910 0.997656763 99.423759460
0.997360706 0.020933652 -0.069522336 -3.218386889 -0.021332406 0.999759972 -0.004998050 -2.161893368 0.069401033 0.006467939 0.997567892 100.044380188
0.997354448 0.023373654 -0.068831779 -3.259815931 -0.023733301 0.999708652 -0.004411747 -2.180357456 0.068708606 0.006033682 0.997618556 100.635543823
0.997431397 0.027180683 -0.066270702 -3.297734976 -0.027419215 0.999620438 -0.002692346 -2.198702812 0.066172376 0.004502522 0.997798026 101.214759827
0.997724652 0.029784754 -0.060486630 -3.342334509 -0.029937552 0.999550402 -0.001621257 -2.209734440 0.060411163 0.003428389 0.998167694 101.764648438
0.998106241 0.030499738 -0.053420704 -3.360058308 -0.030528167 0.999533832 0.000283887 -2.224788666 0.053404458 0.001347487 0.998572111 102.288948059
0.998587310 0.030138625 -0.043760091 -3.379181147 -0.030039391 0.999544442 0.002923607 -2.237540007 0.043828271 -0.001604951 0.999037802 102.800834656
0.999062479 0.029741507 -0.031459298 -3.396424532 -0.029626789 0.999552608 0.004106565 -2.250008106 0.031567361 -0.003170678 0.999496579 103.288055420
0.999405384 0.029158590 -0.018403659 -3.390225887 -0.029087311 0.999568343 0.004129286 -2.260953665 0.018516123 -0.003591518 0.999822140 103.728904724
0.999578059 0.028913770 -0.002765200 -3.386293888 -0.028904973 0.999577165 0.003171051 -2.270521879 0.002855719 -0.003089785 0.999991179 104.163528442
0.999495924 0.027621746 0.015651317 -3.376140594 -0.027623242 0.999618411 -0.000120790 -2.280357122 -0.015648678 -0.000311611 0.999877512 104.601913452
0.998968780 0.027231960 0.036328282 -3.346532106 -0.027081747 0.999622524 -0.004620685 -2.294312239 -0.036440399 0.003632088 0.999329209 105.007667542
0.997794628 0.025380464 0.061332285 -3.311000586 -0.024832100 0.999644697 -0.009686700 -2.301633120 -0.061556350 0.008142329 0.998070359 105.393707275
0.995881200 0.022851607 0.087739892 -3.249089003 -0.021859424 0.999685943 -0.012252575 -2.315620422 -0.087992325 0.010284166 0.996068060 105.785903931
0.992905855 0.020131301 0.117186293 -3.164852619 -0.018678820 0.999734640 -0.013479793 -2.332507133 -0.117426574 0.011195265 0.993018448 106.194419861
0.988672137 0.017704314 0.149043381 -3.068289995 -0.015594777 0.999761164 -0.015310732 -2.348323822 -0.149278864 0.012812994 0.988712132 106.586563110
0.982593834 0.014962194 0.185163915 -2.969604969 -0.012080747 0.999787867 -0.016680097 -2.364979506 -0.185374215 0.014152840 0.982566059 106.958541870
0.974572957 0.012239345 0.223735958 -2.866554499 -0.008499010 0.999807715 -0.017673001 -2.372282743 -0.223909229 0.015322091 0.974489570 107.308616638
0.964383960 0.010439299 0.264300108 -2.746955633 -0.005581598 0.999801576 -0.019123804 -2.381458998 -0.264447302 0.016967472 0.964250922 107.660148621
0.952017605 0.010795165 0.305852860 -2.607410192 -0.004941263 0.999789596 -0.019907361 -2.404703856 -0.306003481 0.017440857 0.951870620 107.999206543
0.936527967 0.012014024 0.350387126 -2.468400717 -0.005604410 0.999798000 -0.019301254 -2.437607288 -0.350548238 0.016112451 0.936406076 108.318939209
0.918506324 0.013355743 0.395180732 -2.293405533 -0.006169718 0.999791801 -0.019449424 -2.432116032 -0.395358235 0.015426265 0.918397486 108.646484375
0.898033619 0.012325790 0.439754099 -2.113507509 -0.004847169 0.999823928 -0.018125355 -2.448948145 -0.439900100 0.014145615 0.897935271 108.948860168
0.874638259 0.011250278 0.484645575 -1.912489295 -0.002177621 0.999811769 -0.019279096 -2.455967188 -0.484771252 0.015806859 0.874498129 109.247123718
0.849454403 0.011100383 0.527545214 -1.708891988 -0.000300718 0.999788702 -0.020552911 -2.483849764 -0.527661979 0.017300118 0.849278212 109.504364014
0.821277440 0.014002177 0.570357084 -1.484988332 -0.000165746 0.999704599 -0.024303924 -2.496066093 -0.570529044 0.019865731 0.821037173 109.781341553
0.790064156 0.019147689 0.612724900 -1.248393893 -0.001516416 0.999570012 -0.029281309 -2.506645441 -0.613022268 0.022204967 0.789753616 110.053443909
0.755623519 0.025485938 0.654510081 -1.000289440 -0.004457389 0.999419630 -0.033770360 -2.513586521 -0.654990971 0.022600273 0.755298674 110.304519653
0.718547046 0.029884199 0.694836020 -0.733182013 -0.007501879 0.999351263 -0.035223220 -2.542039633 -0.695437908 0.020096963 0.718305111 110.531631470
0.678982913 0.029592382 0.733557403 -0.445676774 -0.005772346 0.999371648 -0.034972660 -2.572089672 -0.734131336 0.019511495 0.678727031 110.742744446
0.637739122 0.027410217 0.769764543 -0.123422101 -0.000968420 0.999394357 -0.034784686 -2.574454784 -0.770251811 0.021438098 0.637379348 110.964920044
0.593636870 0.025467068 0.804329991 0.214611307 0.002520333 0.999435425 -0.033504721 -2.570214510 -0.804729104 0.021916814 0.593237460 111.169303894
0.547098696 0.023945563 0.836725533 0.543664753 0.001826469 0.999554217 -0.029799670 -2.597803116 -0.837066054 0.017831612 0.546811044 111.337211609
0.498644441 0.021299480 0.866544962 0.895138264 0.002403166 0.999660254 -0.025954304 -2.623725891 -0.866803229 0.015024423 0.498423845 111.498619080
0.447873056 0.017592605 0.893924057 1.272138596 0.005766295 0.999728739 -0.022563890 -2.634694815 -0.894078493 0.015260387 0.447650105 111.647415161
0.396191031 0.017808100 0.917995393 1.645372987 0.003951527 0.999769568 -0.021099837 -2.645371914 -0.918159544 0.011987052 0.396029353 111.769416809
0.345397651 0.022735400 0.938180983 2.027417421 0.000845329 0.999698579 -0.024537399 -2.656989813 -0.938456059 0.009268232 0.345274359 111.877250671
0.295176744 0.027911918 0.955034912 2.417653561 0.000855446 0.999565005 -0.029477760 -2.666284323 -0.955442309 0.009518129 0.295024484 111.960105896
0.248538435 0.029250132 0.968180358 2.808066845 0.002521166 0.999521017 -0.030844182 -2.693376303 -0.968618870 0.010106906 0.248345628 112.024810791
0.207121193 0.029067038 0.977883339 3.234856129 0.009780096 0.999447048 -0.031779487 -2.712253332 -0.978266418 0.016145995 0.206722364 112.079925537
0.172227025 0.028541410 0.984643638 3.661417723 0.017863646 0.999325275 -0.032091565 -2.729997635 -0.984895349 0.023116363 0.171600938 112.112663269
0.141874254 0.030175919 0.989424586 4.121862888 0.022270484 0.999184966 -0.033666976 -2.739138365 -0.989634097 0.026811441 0.141086578 112.152252197
0.113698147 0.028960586 0.993093133 4.600577831 0.019984739 0.999306083 -0.031429805 -2.756533861 -0.993314326 0.023420217 0.113040477 112.190498352
0.088183947 0.025429171 0.995779455 5.084936619 0.013425574 0.999552846 -0.026714472 -2.773848772 -0.996013701 0.015724696 0.087803110 112.223793030
0.063953109 0.021023488 0.997731388 5.604512691 0.008898319 0.999726355 -0.021635892 -2.796596527 -0.997913182 0.010261817 0.063748531 112.260452271
0.041613698 0.018580116 0.998960912 6.135330200 0.013629203 0.999723494 -0.019162048 -2.812503338 -0.999040842 0.014412446 0.041348964 112.261489868
0.021033192 0.019861655 0.999581397 6.664629936 0.021169171 0.999569654 -0.020306861 -2.826697111 -0.999554634 0.021587431 0.020603685 112.251029968
0.004196485 0.021576213 0.999758422 7.235401154 0.026061805 0.999425232 -0.021678418 -2.856724739 -0.999651551 0.026146481 0.003631758 112.227005005
-0.010301447 0.026966540 0.999583244 7.800097466 0.026356066 0.999296308 -0.026687181 -2.873453617 -0.999599576 0.026070163 -0.011004928 112.206939697
-0.021353366 0.031513743 0.999275208 8.413123131 0.023834802 0.999235034 -0.031003146 -2.891678810 -0.999487758 0.023155510 -0.022088153 112.201721191
-0.028670533 0.031156113 0.999103248 9.029516220 0.025525255 0.999210954 -0.030426990 -2.916451216 -0.999262989 0.024630005 -0.029443176 112.188117981
-0.030441804 0.028146839 0.999140143 9.684769630 0.032586388 0.999100149 -0.027152866 -2.931735039 -0.999005139 0.031731788 -0.031331614 112.155799866
-0.029969718 0.026399115 0.999202132 10.335307121 0.034029942 0.999098539 -0.025375696 -2.956568718 -0.998971343 0.033242293 -0.030841069 112.130874634
-0.027356092 0.026254930 0.999280930 11.005470276 0.033316854 0.999123514 -0.025338717 -2.973372221 -0.999070406 0.032599736 -0.028206849 112.100051880
-0.026507406 0.026289716 0.999302864 11.711379051 0.028861543 0.999257505 -0.025522942 -3.005503893 -0.999231875 0.028164877 -0.027246486 112.104011536
-0.025808509 0.027439762 0.999290228 12.414856911 0.028189233 0.999245644 -0.026710497 -3.029963493 -0.999269366 0.027479865 -0.026562547 112.098388672
-0.025179205 0.028342901 0.999281108 13.135489464 0.027813477 0.999230921 -0.027640652 -3.054470301 -0.999295950 0.027097512 -0.025948156 112.091178894
-0.024474483 0.027837852 0.999312818 13.882118225 0.027148619 0.999262035 -0.027171530 -3.081147432 -0.999331772 0.026464950 -0.025212184 112.081527710
-0.024249069 0.026467847 0.999355495 14.630595207 0.026277969 0.999320924 -0.025829304 -3.108283520 -0.999360502 0.025634699 -0.024928128 112.073089600
-0.024486378 0.025146527 0.999383807 15.394052505 0.026610181 0.999345779 -0.024493581 -3.138354778 -0.999345958 0.025994021 -0.025139509 112.068054199
-0.025232520 0.022902863 0.999419212 16.156040192 0.026983159 0.999388814 -0.022220917 -3.164973736 -0.999317408 0.026406799 -0.025835091 112.053352356
-0.026730940 0.021065643 0.999420822 16.933225632 0.024236964 0.999497712 -0.020419016 -3.194967031 -0.999348760 0.023677099 -0.027228082 112.042984009
-0.027520379 0.019928476 0.999422491 17.726415634 0.023367437 0.999540865 -0.019287385 -3.223553896 -0.999348104 0.022823147 -0.027973423 112.017379761
-0.029291408 0.017324097 0.999420702 18.520114899 0.025627844 0.999534130 -0.016574955 -3.249285460 -0.999242306 0.025127495 -0.029721739 112.000839233
-0.030086109 0.015905561 0.999420881 19.339530945 0.027151838 0.999517441 -0.015089734 -3.271553993 -0.999178410 0.026682118 -0.030503457 111.969978333
-0.031537049 0.014886662 0.999391675 20.161819458 0.024322400 0.999604404 -0.014122307 -3.300615072 -0.999206603 0.023862224 -0.031886652 111.946296692
-0.032070674 0.019618500 0.999292970 20.980890274 0.021873808 0.999581635 -0.018922165 -3.324315548 -0.999246180 0.021251498 -0.032486390 111.919700623
-0.032636590 0.024235440 0.999173403 21.811950684 0.023481416 0.999448597 -0.023475131 -3.351138115 -0.999191463 0.022695858 -0.033187676 111.889251709
-0.033493455 0.026125496 0.999097407 22.647041321 0.023542488 0.999401450 -0.025344219 -3.377236128 -0.999161601 0.022672370 -0.034088470 111.857986450
-0.034871005 0.023846131 0.999107242 23.484855652 0.020139625 0.999529004 -0.023153281 -3.408707142 -0.999188900 0.019314270 -0.035334833 111.832260132
-0.036151830 0.019459320 0.999156833 24.327083588 0.017169220 0.999674976 -0.018848186 -3.438249350 -0.999198794 0.016473347 -0.036474179 111.812850952
-0.036475182 0.014184122 0.999233902 25.181419373 0.015559510 0.999786139 -0.013623992 -3.473212957 -0.999213398 0.015050654 -0.036688071 111.790031433
-0.036859278 0.008695614 0.999282658 26.036100388 0.012131438 0.999892294 -0.008253443 -3.493983746 -0.999246836 0.011818520 -0.036960799 111.766120911
-0.036985975 0.007674492 0.999286354 26.879789352 0.009511561 0.999927819 -0.007327375 -3.516035795 -0.999270558 0.009233762 -0.037056305 111.746444702
-0.035900835 0.014034429 0.999256790 27.707269669 0.012323657 0.999831557 -0.013599742 -3.555652618 -0.999279380 0.011826254 -0.036067743 111.719329834
-0.034797840 0.025149615 0.999077976 28.535316467 0.014541371 0.999590218 -0.024656041 -3.582065105 -0.999288559 0.013669987 -0.035149295 111.691268921
-0.034424536 0.029497402 0.998971879 29.371747971 0.016069835 0.999451458 -0.028957797 -3.620742798 -0.999278069 0.015056455 -0.034879673 111.670600891
-0.033055983 0.024995262 0.999140918 30.211423874 0.017966453 0.999540508 -0.024410848 -3.640040636 -0.999292016 0.017144088 -0.033489864 111.640144348
-0.032059968 0.017625088 0.999330640 31.051223755 0.021287216 0.999629796 -0.016947437 -3.666024923 -0.999259293 0.020729631 -0.032423288 111.612083435
-0.031542379 0.014299788 0.999400139 31.876562119 0.022447398 0.999655545 -0.013594974 -3.703201532 -0.999250293 0.022005113 -0.031852506 111.583930969
-0.032103144 0.015011061 0.999371827 32.690895081 0.021185394 0.999672771 -0.014335036 -3.730684519 -0.999260008 0.020711888 -0.032410655 111.565330505
-0.033099648 0.015756488 0.999327838 33.512454987 0.018494571 0.999714136 -0.015150010 -3.757838488 -0.999280930 0.017980678 -0.033381589 111.547416687
-0.035121810 0.016069349 0.999253869 34.329532623 0.016870977 0.999737740 -0.015484154 -3.782026291 -0.999240637 0.016314559 -0.035383705 111.531936646
-0.036898591 0.015711645 0.999195457 35.117958069 0.016120233 0.999755681 -0.015125156 -3.816045761 -0.999188960 0.015549166 -0.037142843 111.498435974
-0.038962830 0.015852131 0.999114931 35.919979095 0.014999378 0.999770761 -0.015277603 -3.845346689 -0.999128103 0.014390842 -0.039191663 111.467720032
-0.040627688 0.016224723 0.999042630 36.723796844 0.013526232 0.999785483 -0.015686717 -3.871086597 -0.999082804 0.012875967 -0.040838424 111.434875488
-0.042729829 0.015445402 0.998967290 37.520317078 0.011351616 0.999823570 -0.014973084 -3.896980047 -0.999022186 0.010700095 -0.042897616 111.402473450
-0.045015372 0.014051893 0.998887420 38.316104889 0.011908194 0.999837518 -0.013528610 -3.928066730 -0.998915315 0.011285949 -0.045175403 111.377014160
-0.047212679 0.014250513 0.998783231 39.095100403 0.011873770 0.999835610 -0.013704253 -3.955227852 -0.998814285 0.011212308 -0.047374126 111.345443726
-0.048852272 0.015002794 0.998693347 39.878765106 0.011063900 0.999833882 -0.014478725 -3.982746363 -0.998744726 0.010342125 -0.049010143 111.310035706
-0.049736109 0.015004332 0.998649716 40.654178619 0.011464482 0.999829769 -0.014451095 -4.010380745 -0.998696685 0.010730260 -0.049899664 111.273239136
-0.051004961 0.013801869 0.998603046 41.441249847 0.013152838 0.999827027 -0.013146989 -4.038840294 -0.998611808 0.012463903 -0.051177673 111.234985352
-0.052134868 0.012800892 0.998557985 42.213939667 0.013380084 0.999836981 -0.012118712 -4.068429947 -0.998550475 0.012728982 -0.052297648 111.192619324
-0.053783640 0.013128777 0.998466313 42.976692200 0.012587357 0.999843001 -0.012468846 -4.086051941 -0.998473287 0.011897434 -0.053940453 111.161972046
-0.055389326 0.012453872 0.998387158 43.734676361 0.011104749 0.999867976 -0.011856266 -4.104410172 -0.998403072 0.010430125 -0.055520307 111.131027222
-0.056212611 0.010620170 0.998362362 44.462234497 0.009531738 0.999903500 -0.010099883 -4.135692120 -0.998373330 0.008948386 -0.056308419 111.094078064
-0.057037834 0.010481766 0.998317003 45.177551270 0.009410967 0.999906063 -0.009960764 -4.159008980 -0.998327672 0.008826987 -0.057131123 111.058952332
-0.056754306 0.013593594 0.998295665 45.882907867 0.010290878 0.999862134 -0.013029878 -4.178231716 -0.998335123 0.009533836 -0.056886375 111.018295288
-0.056629907 0.015636297 0.998272717 46.579624176 0.010219178 0.999834061 -0.015081038 -4.210281372 -0.998342931 0.009347490 -0.056780294 110.977470398
-0.056555457 0.017211137 0.998251081 47.272125244 0.007739298 0.999828875 -0.016799878 -4.234446526 -0.998369455 0.006775636 -0.056678977 110.941230774
-0.056964930 0.018005461 0.998213768 47.971717834 0.008286250 0.999811411 -0.017561410 -4.259649754 -0.998341799 0.007271066 -0.057103392 110.907341003
-0.056687091 0.017964493 0.998230338 48.663581848 0.009748234 0.999800384 -0.017439166 -4.283533096 -0.998344421 0.008742406 -0.056850899 110.867904663
-0.057112209 0.017193425 0.998219669 49.353122711 0.010441544 0.999807298 -0.016623368 -4.309001923 -0.998313189 0.009473559 -0.057280734 110.831474304
-0.057309125 0.016989307 0.998211861 50.040634155 0.006256377 0.999841690 -0.016657855 -4.337127209 -0.998336852 0.005290541 -0.057406347 110.799903870
-0.057099264 0.017033095 0.998223186 50.726341248 0.003418267 0.999851882 -0.016865360 -4.363779545 -0.998362660 0.002449194 -0.057149027 110.768501282
-0.057047058 0.015808966 0.998246312 51.405292511 0.005683321 0.999863505 -0.015509794 -4.387961388 -0.998355329 0.004788566 -0.057129130 110.728935242
-0.057787783 0.015342586 0.998210967 52.083152771 0.006185697 0.999868155 -0.015009958 -4.406918526 -0.998309672 0.005307238 -0.057875071 110.692405701
-0.061459381 0.014656486 0.998001933 52.759944916 0.002671535 0.999890983 -0.014519708 -4.433232784 -0.998106003 0.001773825 -0.061491836 110.659912109
-0.067025065 0.014177052 0.997650564 53.437023163 -0.001479398 0.999896526 -0.014308358 -4.456450939 -0.997750223 -0.002434941 -0.066997156 110.626121521
-0.073452041 0.017888911 0.997138262 54.110336304 0.002158176 0.999839604 -0.017778398 -4.482376575 -0.997296393 0.000846141 -0.073478870 110.580528259
-0.081118673 0.020110313 0.996501625 54.786415100 0.003580107 0.999795794 -0.019885363 -4.510307789 -0.996697962 0.001954508 -0.081174105 110.537963867
-0.087409042 0.022325182 0.995922267 55.459140778 0.003455443 0.999749601 -0.022107704 -4.527016163 -0.996166468 0.001508940 -0.087464295 110.468795776
-0.093708389 0.021320539 0.995371401 56.137916565 -0.000446270 0.999769688 -0.021456761 -4.554844379 -0.995599568 -0.002454883 -0.093677305 110.411376953
-0.099040046 0.020721944 0.994867623 56.817817688 -0.000234841 0.999782622 -0.020847693 -4.573617458 -0.995083392 -0.002298392 -0.099013656 110.350486755
-0.103417851 0.021270709 0.994410515 57.504833221 -0.002281263 0.999763608 -0.021622458 -4.598135471 -0.994635403 -0.004504660 -0.103344865 110.279953003
-0.106843017 0.021269653 0.994048357 58.196247101 -0.004380993 0.999751389 -0.021862559 -4.613420963 -0.994266272 -0.006690780 -0.106723279 110.201766968
-0.110263556 0.017201766 0.993753493 58.908031464 -0.004580992 0.999830902 -0.017815253 -4.644247055 -0.993891835 -0.006516750 -0.110166095 110.138542175
-0.111793391 0.014369373 0.993627548 59.619274139 -0.001994112 0.999890208 -0.014684298 -4.665851593 -0.993729472 -0.003623011 -0.111752458 110.056190491
-0.113312900 0.011276340 0.993495286 60.338409424 -0.002837711 0.999927819 -0.011673003 -4.691549301 -0.993555307 -0.004141954 -0.113272719 109.980392456
-0.114822179 0.010744914 0.993327916 61.060150146 -0.003783686 0.999929428 -0.011253693 -4.712109566 -0.993378818 -0.005050614 -0.114773422 109.904396057
-0.115124591 0.014258973 0.993248641 61.797622681 -0.002301546 0.999890447 -0.014621086 -4.735294342 -0.993348360 -0.003969254 -0.115079157 109.823036194
-0.115043640 0.018432342 0.993189394 62.532768250 0.003568936 0.999828994 -0.018142167 -4.756448746 -0.993354023 0.001457488 -0.115089759 109.732772827
-0.115825854 0.023047524 0.993002057 63.277713776 0.010638350 0.999702156 -0.021962155 -4.785226822 -0.993212581 0.008020116 -0.116036542 109.639991760
-0.116057105 0.023897868 0.992954969 64.015754700 0.010846045 0.999681354 -0.022792064 -4.812228680 -0.993183315 0.008124454 -0.116279319 109.546752930
-0.117451757 0.021796707 0.992839336 64.773765564 0.009030460 0.999741256 -0.020879939 -4.834858418 -0.993037522 0.006513411 -0.117618196 109.477531433
-0.117064930 0.017237842 0.992974639 65.523902893 0.009847061 0.999820352 -0.016195778 -4.859564304 -0.993075430 0.007881924 -0.117213629 109.386878967
-0.117065594 0.015332229 0.993005812 66.272033691 0.011762612 0.999832034 -0.014050933 -4.884126663 -0.993054450 0.010035460 -0.117226295 109.296920776
-0.118041024 0.015127256 0.992893457 67.014900208 0.011988368 0.999832809 -0.013807733 -4.907521725 -0.992936373 0.010273292 -0.118202634 109.211967468
-0.119586945 0.016124321 0.992692769 67.754730225 0.010815723 0.999829948 -0.014937310 -4.931664467 -0.992764771 0.008950384 -0.119740985 109.129875183
-0.121787839 0.016438404 0.992420018 68.493171692 0.009741025 0.999834478 -0.015365817 -4.957796097 -0.992508292 0.007795818 -0.121927813 109.043258667
-0.123695299 0.017107271 0.992172778 69.225585938 0.011944694 0.999804735 -0.015749706 -4.979444981 -0.992248356 0.009903034 -0.123875484 108.947746277
-0.125485823 0.017095380 0.991948068 69.962974548 0.011649064 0.999808013 -0.015757181 -5.003418922 -0.992026985 0.009577964 -0.125660911 108.855644226
-0.127560928 0.016781485 0.991688669 70.701301575 0.011263648 0.999816895 -0.015470185 -5.026576042 -0.991766751 0.009196640 -0.127726600 108.760337830
-0.128983438 0.016928982 0.991502166 71.447898865 0.008804915 0.999834418 -0.015925828 -5.050765991 -0.991607606 0.006675925 -0.129111171 108.663604736
-0.130027294 0.018493904 0.991337836 72.197227478 0.008890277 0.999807596 -0.017485833 -5.076729774 -0.991470575 0.006539633 -0.130166680 108.567314148
-0.131058082 0.018823529 0.991195977 72.958099365 0.007596994 0.999809563 -0.017982611 -5.099637032 -0.991345584 0.005173343 -0.131176114 108.477844238
-0.132194221 0.019254697 0.991036713 73.716835022 0.007330858 0.999802947 -0.018447150 -5.120761395 -0.991196752 0.004826543 -0.132309332 108.378112793
-0.133511111 0.017333146 0.990895689 74.500770569 0.007674800 0.999835134 -0.016455429 -5.146905422 -0.991017580 0.005407943 -0.133622125 108.283477783
-0.135158479 0.014726348 0.990714610 75.283042908 0.005034672 0.999886811 -0.014175832 -5.173667908 -0.990811229 0.003071939 -0.135217324 108.194961548
-0.136552483 0.013152302 0.990545452 76.061004639 0.002542826 0.999913216 -0.012926143 -5.190302849 -0.990629554 0.000753688 -0.136574104 108.087409973
-0.138662964 0.012963785 0.990254760 76.842567444 0.004472403 0.999912322 -0.012463957 -5.206729412 -0.990329564 0.002700529 -0.138708800 107.978706360
-0.140438974 0.013387829 0.989998817 77.645195007 0.005183803 0.999904811 -0.012786424 -5.233947754 -0.990075767 0.003336247 -0.140495017 107.868530273
-0.142904207 0.014524620 0.989629924 78.448928833 0.004437744 0.999891639 -0.014034411 -5.257903099 -0.989726603 0.002386147 -0.142953187 107.758567810
-0.144000262 0.017921986 0.989415348 79.242958069 0.006381758 0.999832034 -0.017181864 -5.286406040 -0.989557028 0.003840017 -0.144090429 107.641159058
-0.144271150 0.021772180 0.989298642 80.042503357 0.008177585 0.999750018 -0.020809639 -5.315236092 -0.989504397 0.005087844 -0.144413114 107.517219543
-0.145308152 0.025861986 0.989048362 80.849739075 0.009436442 0.999649048 -0.024752803 -5.344433308 -0.989341438 0.005736313 -0.145501226 107.401443481
-0.144820273 0.026546650 0.989101768 81.668365479 0.011628632 0.999616623 -0.025126243 -5.377544403 -0.989389598 0.007863111 -0.145073459 107.279296875
-0.144334987 0.026246358 0.989180744 82.493858337 0.015142757 0.999589801 -0.024313005 -5.405923843 -0.989413023 0.011469706 -0.144673198 107.154479980
-0.144064605 0.024755307 0.989258528 83.324485779 0.016008401 0.999614596 -0.022683168 -5.431710720 -0.989438772 0.012568606 -0.144405350 107.030738831
-0.143433392 0.022661917 0.989400387 84.164962769 0.015073329 0.999671876 -0.020712001 -5.469646454 -0.989545166 0.011942768 -0.143727913 106.918525696
-0.141811803 0.019728350 0.989696980 84.996299744 0.013734523 0.999744356 -0.017960640 -5.503422260 -0.989798367 0.011045986 -0.142046481 106.799217224
-0.140082747 0.017251045 0.989989460 85.862014771 0.014663562 0.999774635 -0.015346674 -5.524922848 -0.990031242 0.012366969 -0.140304148 106.689125061
-0.139307573 0.013696207 0.990154445 86.723762512 0.014484512 0.999825537 -0.011792115 -5.554603577 -0.990143299 0.012699173 -0.139481649 106.583831787
-0.136743098 0.013803559 0.990510285 87.567436218 0.013085755 0.999840856 -0.012127055 -5.576762199 -0.990520060 0.011303287 -0.136901975 106.461631775
-0.135273859 0.018518331 0.990635157 88.421089172 0.014499668 0.999755263 -0.016708847 -5.600116730 -0.990702093 0.012103612 -0.135509253 106.352340698
-0.133814082 0.024011632 0.990715444 89.256011963 0.014468539 0.999647141 -0.022273866 -5.637623787 -0.990900815 0.011353649 -0.134114295 106.245246887
-0.132402524 0.027636060 0.990810692 90.110740662 0.012218508 0.999580801 -0.026247915 -5.663219929 -0.991120696 0.008630940 -0.132684693 106.139572144
-0.131268591 0.024980573 0.991032183 90.963935852 0.010895438 0.999658465 -0.023754844 -5.699226379 -0.991286874 0.007679462 -0.131495953 106.034675598
